0 0.118056 0.418000 0.041667 0.076000
0 0.160648 0.344000 0.041667 0.076000
0 0.220833 0.330000 0.041667 0.076000
0 0.263426 0.332000 0.041667 0.076000
0 0.340278 0.272000 0.041667 0.076000
0 0.369907 0.252000 0.041667 0.076000
0 0.411574 0.248000 0.041667 0.076000
0 0.447685 0.240000 0.041667 0.076000
0 0.484722 0.237000 0.025000 0.054000
0 0.505556 0.203000 0.022222 0.050000
0 0.521296 0.183000 0.022222 0.050000
0 0.553704 0.187000 0.022222 0.050000
0 0.591667 0.193000 0.022222 0.050000
0 0.616667 0.179000 0.022222 0.050000
0 0.664815 0.189000 0.022222 0.050000
0 0.650000 0.166000 0.016667 0.048000
