0 0.119444 0.418000 0.038889 0.064000
0 0.169907 0.342000 0.034259 0.068000
0 0.220833 0.332000 0.034259 0.068000
0 0.262500 0.334000 0.034259 0.068000
0 0.343056 0.272000 0.034259 0.068000
0 0.367130 0.238000 0.034259 0.068000
0 0.410648 0.244000 0.034259 0.068000
0 0.448611 0.240000 0.034259 0.068000
0 0.483796 0.242000 0.034259 0.068000
0 0.511574 0.211000 0.026852 0.050000
0 0.523611 0.183000 0.026852 0.050000
0 0.556944 0.181000 0.026852 0.050000
0 0.596759 0.187000 0.026852 0.050000
0 0.620833 0.177000 0.026852 0.050000
0 0.644907 0.173000 0.026852 0.050000
