0 0.122685 0.415000 0.037963 0.070000
0 0.163426 0.343000 0.037963 0.070000
0 0.261574 0.339000 0.037963 0.070000
0 0.225463 0.339000 0.037963 0.070000
0 0.338426 0.271000 0.037963 0.070000
0 0.368981 0.243000 0.037963 0.070000
0 0.410185 0.244000 0.037037 0.068000
0 0.447222 0.244000 0.037037 0.068000
0 0.480556 0.236000 0.037037 0.068000
0 0.507407 0.210000 0.020370 0.040000
0 0.519444 0.190000 0.020370 0.040000
0 0.554630 0.184000 0.020370 0.040000
0 0.594444 0.192000 0.020370 0.040000
0 0.619444 0.176000 0.020370 0.040000
0 0.644444 0.172000 0.020370 0.040000
