0 0.120370 0.419000 0.040741 0.062000
0 0.162500 0.343000 0.037963 0.070000
0 0.222685 0.331000 0.037963 0.070000
0 0.260648 0.337000 0.037963 0.070000
0 0.341204 0.277000 0.037963 0.070000
0 0.371296 0.246000 0.038889 0.072000
0 0.410185 0.236000 0.038889 0.072000
0 0.445370 0.240000 0.038889 0.072000
0 0.485185 0.242000 0.033333 0.060000
0 0.505093 0.214000 0.023148 0.052000
0 0.517130 0.188000 0.023148 0.052000
0 0.555093 0.182000 0.023148 0.052000
0 0.590278 0.192000 0.023148 0.044000
0 0.617130 0.174000 0.023148 0.044000
0 0.648611 0.160000 0.023148 0.044000
0 0.664352 0.184000 0.023148 0.044000
