0 0.119444 0.415000 0.033333 0.070000
0 0.162963 0.341000 0.033333 0.070000
0 0.222222 0.329000 0.033333 0.070000
0 0.262037 0.330000 0.031481 0.060000
0 0.337963 0.268000 0.031481 0.060000
0 0.368519 0.250000 0.031481 0.060000
0 0.406481 0.250000 0.031481 0.060000
0 0.446296 0.234000 0.031481 0.060000
0 0.483333 0.240000 0.031481 0.060000
0 0.507407 0.206000 0.024074 0.048000
0 0.520370 0.188000 0.024074 0.048000
0 0.555556 0.182000 0.024074 0.048000
0 0.588889 0.188000 0.024074 0.048000
0 0.614815 0.174000 0.024074 0.048000
0 0.662963 0.186000 0.024074 0.048000
