0 0.123148 0.414000 0.035185 0.060000
0 0.171296 0.347000 0.038889 0.066000
0 0.221759 0.343000 0.032407 0.066000
0 0.261111 0.335000 0.037037 0.070000
0 0.339815 0.272000 0.027778 0.060000
0 0.367130 0.250000 0.036111 0.076000
0 0.410185 0.247000 0.031481 0.070000
0 0.447222 0.242000 0.031481 0.068000
0 0.485648 0.238000 0.025000 0.064000
0 0.516667 0.216000 0.027778 0.052000
0 0.525000 0.190000 0.024074 0.048000
0 0.554630 0.181000 0.020370 0.054000
0 0.597685 0.194000 0.021296 0.052000
0 0.620370 0.177000 0.016667 0.046000
0 0.648611 0.174000 0.025000 0.052000
