0 0.120833 0.417000 0.032407 0.066000
0 0.170833 0.339000 0.032407 0.066000
0 0.220833 0.333000 0.032407 0.066000
0 0.259722 0.329000 0.032407 0.066000
0 0.343056 0.273000 0.032407 0.066000
0 0.368519 0.249000 0.029630 0.066000
0 0.409259 0.243000 0.029630 0.066000
0 0.443519 0.229000 0.029630 0.066000
0 0.486111 0.239000 0.029630 0.066000
0 0.505093 0.211000 0.023148 0.050000
0 0.519907 0.189000 0.023148 0.050000
0 0.553241 0.181000 0.023148 0.050000
0 0.595833 0.187000 0.023148 0.050000
0 0.620370 0.173000 0.024074 0.050000
0 0.643519 0.171000 0.024074 0.050000
