0 0.120370 0.414000 0.029630 0.068000
0 0.163889 0.336000 0.037037 0.072000
0 0.224074 0.338000 0.037037 0.072000
0 0.262037 0.332000 0.037037 0.072000
0 0.337037 0.278000 0.037037 0.072000
0 0.371296 0.246000 0.037037 0.072000
0 0.408333 0.244000 0.037037 0.072000
0 0.448148 0.234000 0.037037 0.072000
0 0.483333 0.242000 0.037037 0.072000
0 0.504167 0.209000 0.025000 0.050000
0 0.519907 0.187000 0.025000 0.050000
0 0.554630 0.182000 0.020370 0.052000
0 0.591204 0.193000 0.023148 0.046000
0 0.618056 0.173000 0.023148 0.046000
0 0.657870 0.182000 0.017593 0.036000
