0 0.117130 0.430000 0.023148 0.048000
0 0.166204 0.354000 0.028704 0.044000
0 0.218981 0.340000 0.019444 0.044000
0 0.265741 0.326000 0.029630 0.048000
0 0.340278 0.275000 0.026852 0.050000
0 0.366204 0.250000 0.028704 0.048000
0 0.412500 0.241000 0.021296 0.042000
0 0.452315 0.244000 0.026852 0.052000
0 0.482870 0.235000 0.023148 0.046000
0 0.508796 0.205000 0.021296 0.034000
0 0.531481 0.196000 0.016667 0.032000
0 0.553241 0.185000 0.021296 0.030000
0 0.600926 0.192000 0.022222 0.040000
0 0.618519 0.175000 0.018519 0.030000
0 0.646296 0.176000 0.014815 0.028000
