0 0.119907 0.419000 0.037963 0.062000
0 0.164352 0.339000 0.037963 0.062000
0 0.223611 0.331000 0.037963 0.062000
0 0.261574 0.331000 0.037963 0.062000
0 0.333796 0.273000 0.037963 0.062000
0 0.366667 0.248000 0.024074 0.048000
0 0.410185 0.248000 0.024074 0.048000
0 0.445370 0.242000 0.024074 0.048000
0 0.482407 0.242000 0.024074 0.048000
0 0.504630 0.208000 0.024074 0.048000
0 0.522222 0.188000 0.024074 0.048000
0 0.552778 0.186000 0.024074 0.048000
0 0.589352 0.191000 0.019444 0.038000
0 0.630093 0.187000 0.019444 0.038000
0 0.649537 0.163000 0.019444 0.038000
0 0.672685 0.191000 0.019444 0.038000
