0 0.120370 0.415000 0.038889 0.062000
0 0.162963 0.343000 0.038889 0.062000
0 0.223148 0.333000 0.038889 0.062000
0 0.263889 0.336000 0.040741 0.072000
0 0.340278 0.273000 0.028704 0.070000
0 0.366204 0.253000 0.028704 0.070000
0 0.409259 0.243000 0.027778 0.062000
0 0.442593 0.239000 0.027778 0.062000
0 0.484259 0.241000 0.027778 0.062000
0 0.504630 0.206000 0.022222 0.048000
0 0.523148 0.190000 0.022222 0.048000
0 0.554630 0.186000 0.022222 0.048000
0 0.589815 0.194000 0.022222 0.048000
0 0.623148 0.180000 0.022222 0.048000
0 0.649074 0.160000 0.022222 0.048000
0 0.668519 0.194000 0.022222 0.048000
