0 0.122222 0.417000 0.033333 0.066000
0 0.168519 0.345000 0.033333 0.066000
0 0.221296 0.337000 0.033333 0.066000
0 0.257407 0.333000 0.033333 0.066000
0 0.340741 0.269000 0.033333 0.066000
0 0.370370 0.247000 0.033333 0.066000
0 0.409259 0.241000 0.033333 0.066000
0 0.447222 0.239000 0.033333 0.066000
0 0.482407 0.235000 0.033333 0.066000
0 0.510648 0.212000 0.023148 0.044000
0 0.522222 0.188000 0.020370 0.048000
0 0.554630 0.184000 0.020370 0.048000
0 0.596296 0.190000 0.020370 0.048000
0 0.619444 0.176000 0.020370 0.048000
0 0.646296 0.174000 0.020370 0.048000
