0 0.121759 0.416000 0.037963 0.064000
0 0.161574 0.336000 0.037963 0.064000
0 0.226389 0.330000 0.037963 0.064000
0 0.258796 0.328000 0.037963 0.064000
0 0.341204 0.270000 0.037963 0.064000
0 0.366667 0.251000 0.031481 0.066000
0 0.408333 0.246000 0.027778 0.060000
0 0.446296 0.238000 0.027778 0.060000
0 0.483333 0.240000 0.027778 0.060000
0 0.505093 0.209000 0.025000 0.054000
0 0.517130 0.185000 0.025000 0.054000
0 0.551389 0.183000 0.025000 0.054000
0 0.592130 0.193000 0.025000 0.054000
0 0.616204 0.173000 0.025000 0.054000
0 0.652315 0.175000 0.025000 0.054000
