0 0.118056 0.422000 0.037963 0.072000
0 0.164352 0.346000 0.037963 0.072000
0 0.219907 0.334000 0.037963 0.072000
0 0.261574 0.332000 0.037963 0.072000
0 0.337500 0.270000 0.037963 0.072000
0 0.368981 0.250000 0.037963 0.072000
0 0.409722 0.238000 0.037963 0.072000
0 0.446759 0.246000 0.037963 0.072000
0 0.483333 0.241000 0.022222 0.062000
0 0.504630 0.211000 0.022222 0.062000
0 0.521296 0.193000 0.022222 0.050000
0 0.551852 0.185000 0.022222 0.050000
0 0.590741 0.189000 0.022222 0.050000
0 0.624074 0.185000 0.022222 0.050000
0 0.650926 0.163000 0.022222 0.050000
0 0.672222 0.196000 0.020370 0.040000
