0 0.121296 0.420000 0.040741 0.080000
0 0.165741 0.344000 0.040741 0.080000
0 0.221296 0.332000 0.040741 0.080000
0 0.264815 0.332000 0.040741 0.080000
0 0.335185 0.276000 0.040741 0.080000
0 0.366204 0.248000 0.032407 0.060000
0 0.407870 0.248000 0.032407 0.060000
0 0.444907 0.242000 0.032407 0.060000
0 0.484259 0.246000 0.033333 0.060000
0 0.506944 0.210000 0.021296 0.048000
0 0.519907 0.193000 0.021296 0.050000
0 0.553241 0.185000 0.021296 0.050000
0 0.591204 0.193000 0.021296 0.050000
0 0.621759 0.181000 0.021296 0.050000
0 0.646759 0.165000 0.021296 0.050000
0 0.670833 0.193000 0.021296 0.050000
