0 0.117130 0.414000 0.032407 0.056000
0 0.166667 0.348000 0.037037 0.056000
0 0.221759 0.338000 0.026852 0.064000
0 0.261574 0.336000 0.032407 0.072000
0 0.335185 0.270000 0.033333 0.056000
0 0.369907 0.247000 0.030556 0.062000
0 0.409259 0.242000 0.024074 0.056000
0 0.447685 0.237000 0.023148 0.062000
0 0.486111 0.236000 0.025926 0.060000
0 0.513889 0.212000 0.027778 0.048000
0 0.525463 0.190000 0.019444 0.040000
0 0.558796 0.186000 0.026852 0.052000
0 0.595370 0.196000 0.024074 0.052000
0 0.623611 0.181000 0.021296 0.054000
0 0.644444 0.171000 0.020370 0.042000
