0 0.668981 0.189000 0.021296 0.050000
0 0.653241 0.167000 0.021296 0.050000
0 0.620833 0.181000 0.021296 0.050000
0 0.592130 0.193000 0.021296 0.050000
0 0.555093 0.185000 0.021296 0.050000
0 0.523611 0.186000 0.023148 0.056000
0 0.506481 0.206000 0.022222 0.052000
0 0.486111 0.238000 0.022222 0.052000
0 0.447222 0.240000 0.027778 0.060000
0 0.412037 0.244000 0.027778 0.060000
0 0.368519 0.250000 0.027778 0.060000
0 0.339815 0.264000 0.027778 0.060000
0 0.262963 0.330000 0.027778 0.060000
0 0.225000 0.332000 0.027778 0.060000
0 0.162963 0.340000 0.027778 0.060000
0 0.120370 0.418000 0.027778 0.060000
