0 0.121296 0.419000 0.037037 0.066000
0 0.164815 0.339000 0.037037 0.066000
0 0.222222 0.331000 0.037037 0.066000
0 0.260185 0.329000 0.037037 0.066000
0 0.337963 0.269000 0.037037 0.066000
0 0.368519 0.251000 0.029630 0.058000
0 0.412037 0.245000 0.029630 0.058000
0 0.443519 0.237000 0.029630 0.058000
0 0.484259 0.239000 0.029630 0.058000
0 0.505556 0.207000 0.024074 0.042000
0 0.520370 0.189000 0.024074 0.042000
0 0.553704 0.183000 0.024074 0.042000
0 0.590741 0.191000 0.024074 0.042000
0 0.628704 0.189000 0.024074 0.042000
0 0.647222 0.166000 0.018519 0.040000
0 0.675926 0.194000 0.018519 0.040000
