0 0.118981 0.413000 0.034259 0.054000
0 0.168981 0.350000 0.037963 0.068000
0 0.219907 0.336000 0.034259 0.068000
0 0.263426 0.335000 0.036111 0.082000
0 0.341667 0.276000 0.031481 0.068000
0 0.367130 0.253000 0.030556 0.058000
0 0.410648 0.248000 0.028704 0.064000
0 0.447685 0.239000 0.028704 0.070000
0 0.486111 0.239000 0.027778 0.062000
0 0.516204 0.213000 0.025000 0.050000
0 0.525000 0.188000 0.020370 0.048000
0 0.555093 0.185000 0.019444 0.050000
0 0.596296 0.193000 0.018519 0.054000
0 0.624074 0.178000 0.025926 0.056000
0 0.643056 0.169000 0.021296 0.046000
