0 0.121296 0.423000 0.031481 0.066000
0 0.165741 0.335000 0.031481 0.066000
0 0.225926 0.335000 0.031481 0.066000
0 0.261111 0.327000 0.031481 0.066000
0 0.340278 0.275000 0.030556 0.066000
0 0.366204 0.249000 0.030556 0.066000
0 0.410648 0.247000 0.030556 0.066000
0 0.444907 0.241000 0.030556 0.066000
0 0.483796 0.241000 0.030556 0.066000
0 0.505556 0.207000 0.025926 0.054000
0 0.520370 0.183000 0.025926 0.054000
0 0.553704 0.185000 0.025926 0.054000
0 0.596296 0.189000 0.025926 0.054000
0 0.618519 0.175000 0.025926 0.054000
0 0.641667 0.173000 0.025926 0.054000
