0 0.118056 0.417000 0.030556 0.058000
0 0.166667 0.344000 0.031481 0.060000
0 0.216204 0.335000 0.032407 0.058000
0 0.259259 0.329000 0.031481 0.050000
0 0.339815 0.270000 0.025926 0.060000
0 0.368981 0.245000 0.028704 0.054000
0 0.408333 0.240000 0.020370 0.044000
0 0.448611 0.239000 0.025000 0.046000
0 0.484259 0.237000 0.024074 0.050000
0 0.516204 0.210000 0.019444 0.048000
0 0.525926 0.189000 0.011111 0.038000
0 0.551852 0.183000 0.022222 0.042000
0 0.596296 0.188000 0.018519 0.044000
0 0.619444 0.175000 0.016667 0.042000
0 0.645370 0.172000 0.014815 0.036000
