0 0.122685 0.424000 0.034259 0.068000
0 0.168056 0.342000 0.034259 0.068000
0 0.224537 0.332000 0.034259 0.068000
0 0.260648 0.336000 0.034259 0.068000
0 0.336574 0.268000 0.034259 0.068000
0 0.368981 0.250000 0.034259 0.068000
0 0.407870 0.246000 0.034259 0.068000
0 0.442130 0.244000 0.034259 0.068000
0 0.483796 0.230000 0.034259 0.068000
0 0.506481 0.210000 0.022222 0.048000
0 0.519444 0.188000 0.022222 0.048000
0 0.557407 0.182000 0.022222 0.048000
0 0.599074 0.192000 0.022222 0.048000
0 0.617593 0.176000 0.022222 0.048000
0 0.646296 0.170000 0.022222 0.048000
