0 0.121296 0.421000 0.037037 0.070000
0 0.169444 0.339000 0.037037 0.070000
0 0.222222 0.337000 0.037037 0.070000
0 0.260185 0.331000 0.037037 0.070000
0 0.339815 0.271000 0.037037 0.070000
0 0.368519 0.241000 0.037037 0.070000
0 0.407407 0.235000 0.037037 0.070000
0 0.442593 0.241000 0.037037 0.070000
0 0.480556 0.241000 0.037037 0.070000
0 0.507407 0.214000 0.027778 0.052000
0 0.520370 0.190000 0.027778 0.052000
0 0.552778 0.186000 0.027778 0.052000
0 0.595370 0.194000 0.027778 0.052000
0 0.619444 0.182000 0.027778 0.052000
0 0.644907 0.174000 0.021296 0.048000
