0 0.123611 0.419000 0.032407 0.062000
0 0.171759 0.343000 0.032407 0.062000
0 0.220833 0.337000 0.032407 0.062000
0 0.260648 0.331000 0.032407 0.062000
0 0.339352 0.275000 0.032407 0.062000
0 0.367593 0.248000 0.027778 0.060000
0 0.408333 0.240000 0.027778 0.060000
0 0.443519 0.240000 0.027778 0.060000
0 0.480556 0.244000 0.027778 0.060000
0 0.507870 0.212000 0.021296 0.040000
0 0.519907 0.186000 0.019444 0.036000
0 0.556944 0.182000 0.019444 0.036000
0 0.594907 0.190000 0.019444 0.036000
0 0.618519 0.175000 0.022222 0.042000
0 0.644444 0.171000 0.022222 0.042000
