0 0.111574 0.426000 0.021296 0.048000
0 0.164815 0.347000 0.024074 0.042000
0 0.215741 0.341000 0.022222 0.042000
0 0.263889 0.329000 0.024074 0.046000
0 0.338889 0.269000 0.022222 0.038000
0 0.365741 0.247000 0.022222 0.038000
0 0.409722 0.246000 0.017593 0.032000
0 0.449537 0.243000 0.023148 0.050000
0 0.483333 0.244000 0.018519 0.044000
0 0.506019 0.210000 0.019444 0.032000
0 0.533796 0.191000 0.021296 0.038000
0 0.551389 0.184000 0.017593 0.028000
0 0.596296 0.189000 0.014815 0.034000
0 0.618981 0.178000 0.012037 0.032000
0 0.643981 0.165000 0.013889 0.030000
