0 0.121759 0.416000 0.041667 0.072000
0 0.166204 0.338000 0.041667 0.072000
0 0.222685 0.330000 0.032407 0.064000
0 0.260648 0.332000 0.032407 0.064000
0 0.338426 0.266000 0.032407 0.064000
0 0.369907 0.246000 0.032407 0.064000
0 0.410648 0.238000 0.032407 0.064000
0 0.445833 0.238000 0.032407 0.064000
0 0.483796 0.240000 0.032407 0.064000
0 0.505093 0.213000 0.021296 0.046000
0 0.517593 0.191000 0.016667 0.042000
0 0.551389 0.183000 0.023148 0.042000
0 0.593056 0.191000 0.023148 0.042000
0 0.618981 0.175000 0.023148 0.042000
0 0.655093 0.181000 0.023148 0.042000
