0 0.120370 0.410000 0.037037 0.068000
0 0.171759 0.346000 0.037963 0.064000
0 0.219907 0.337000 0.032407 0.066000
0 0.262500 0.328000 0.036111 0.060000
0 0.338889 0.269000 0.035185 0.066000
0 0.369444 0.244000 0.027778 0.056000
0 0.412037 0.245000 0.033333 0.058000
0 0.444444 0.240000 0.027778 0.056000
0 0.483333 0.235000 0.020370 0.046000
0 0.513889 0.214000 0.018519 0.056000
0 0.525000 0.191000 0.020370 0.042000
0 0.556944 0.187000 0.028704 0.050000
0 0.597685 0.190000 0.019444 0.048000
0 0.622685 0.177000 0.023148 0.042000
0 0.648148 0.171000 0.020370 0.042000
