0 0.120370 0.422000 0.033333 0.064000
0 0.160185 0.338000 0.033333 0.064000
0 0.223611 0.333000 0.034259 0.074000
0 0.263426 0.323000 0.034259 0.074000
0 0.339352 0.271000 0.034259 0.074000
0 0.367130 0.249000 0.034259 0.074000
0 0.407870 0.241000 0.034259 0.074000
0 0.448611 0.239000 0.034259 0.074000
0 0.482870 0.241000 0.034259 0.074000
0 0.507870 0.209000 0.023148 0.050000
0 0.519907 0.189000 0.023148 0.050000
0 0.554167 0.183000 0.023148 0.050000
0 0.592130 0.189000 0.023148 0.050000
0 0.618981 0.177000 0.023148 0.050000
0 0.656944 0.181000 0.023148 0.050000
