0 0.112037 0.417000 0.029630 0.050000
0 0.165278 0.344000 0.025000 0.052000
0 0.219907 0.333000 0.021296 0.054000
0 0.262963 0.330000 0.020370 0.048000
0 0.339352 0.270000 0.026852 0.056000
0 0.369444 0.250000 0.029630 0.056000
0 0.410648 0.243000 0.015741 0.042000
0 0.450926 0.242000 0.027778 0.060000
0 0.485185 0.239000 0.025926 0.046000
0 0.512963 0.208000 0.025926 0.048000
0 0.529630 0.191000 0.022222 0.042000
0 0.550463 0.186000 0.017593 0.040000
0 0.596296 0.185000 0.018519 0.046000
0 0.620370 0.180000 0.018519 0.040000
0 0.645833 0.175000 0.021296 0.042000
