0 0.125000 0.422000 0.042593 0.072000
0 0.164815 0.340000 0.042593 0.072000
0 0.219444 0.332000 0.042593 0.072000
0 0.265741 0.328000 0.042593 0.072000
0 0.335185 0.270000 0.042593 0.072000
0 0.366667 0.240000 0.042593 0.072000
0 0.415741 0.238000 0.042593 0.072000
0 0.444444 0.226000 0.042593 0.072000
0 0.480093 0.241000 0.034259 0.062000
0 0.505556 0.209000 0.020370 0.042000
0 0.518519 0.187000 0.020370 0.042000
0 0.554630 0.185000 0.020370 0.042000
0 0.595370 0.191000 0.020370 0.042000
0 0.619444 0.171000 0.020370 0.042000
0 0.644907 0.168000 0.019444 0.040000
