0 0.665741 0.184000 0.022222 0.044000
0 0.650000 0.166000 0.022222 0.044000
0 0.618519 0.180000 0.018519 0.040000
0 0.591667 0.190000 0.018519 0.040000
0 0.553704 0.185000 0.020370 0.046000
0 0.520370 0.189000 0.020370 0.046000
0 0.505556 0.207000 0.020370 0.046000
0 0.485185 0.239000 0.020370 0.046000
0 0.121296 0.420000 0.033333 0.064000
0 0.165741 0.340000 0.033333 0.064000
0 0.225926 0.340000 0.033333 0.064000
0 0.262963 0.336000 0.029630 0.064000
0 0.340741 0.272000 0.029630 0.064000
0 0.367593 0.250000 0.029630 0.064000
0 0.408333 0.248000 0.029630 0.064000
0 0.444444 0.240000 0.029630 0.064000
