0 0.124537 0.412000 0.037963 0.072000
0 0.171759 0.342000 0.037963 0.072000
0 0.219907 0.332000 0.037963 0.072000
0 0.262500 0.328000 0.037963 0.072000
0 0.336574 0.274000 0.037963 0.072000
0 0.364352 0.242000 0.037963 0.072000
0 0.411574 0.242000 0.037963 0.072000
0 0.444907 0.242000 0.037963 0.072000
0 0.483796 0.242000 0.037963 0.072000
0 0.506944 0.212000 0.026852 0.056000
0 0.522685 0.186000 0.026852 0.056000
0 0.555093 0.184000 0.026852 0.056000
0 0.592130 0.190000 0.026852 0.056000
0 0.623611 0.172000 0.026852 0.056000
0 0.648611 0.168000 0.026852 0.056000
