0 0.119907 0.415000 0.034259 0.078000
0 0.160648 0.345000 0.034259 0.078000
0 0.223611 0.327000 0.034259 0.078000
0 0.260648 0.327000 0.028704 0.062000
0 0.338426 0.267000 0.028704 0.062000
0 0.365278 0.247000 0.028704 0.062000
0 0.410185 0.245000 0.027778 0.066000
0 0.449074 0.231000 0.027778 0.066000
0 0.483333 0.239000 0.027778 0.066000
0 0.504630 0.215000 0.027778 0.066000
0 0.519907 0.189000 0.021296 0.054000
0 0.554167 0.185000 0.021296 0.054000
0 0.592130 0.194000 0.019444 0.044000
0 0.618981 0.176000 0.019444 0.044000
0 0.648611 0.172000 0.019444 0.044000
