0 0.118981 0.418000 0.034259 0.060000
0 0.163426 0.342000 0.034259 0.060000
0 0.225463 0.329000 0.034259 0.058000
0 0.263426 0.327000 0.034259 0.058000
0 0.341204 0.267000 0.034259 0.058000
0 0.370833 0.247000 0.034259 0.058000
0 0.407407 0.245000 0.031481 0.062000
0 0.449074 0.237000 0.031481 0.062000
0 0.485648 0.235000 0.028704 0.058000
0 0.506944 0.209000 0.019444 0.046000
0 0.519907 0.187000 0.019444 0.046000
0 0.553241 0.183000 0.019444 0.046000
0 0.592593 0.187000 0.020370 0.046000
0 0.617130 0.179000 0.019444 0.046000
0 0.662037 0.181000 0.018519 0.046000
0 0.649074 0.169000 0.018519 0.046000
