0 0.121296 0.412000 0.035185 0.072000
0 0.168056 0.350000 0.034259 0.060000
0 0.218519 0.338000 0.038889 0.068000
0 0.262500 0.335000 0.032407 0.078000
0 0.340741 0.268000 0.027778 0.064000
0 0.366667 0.248000 0.027778 0.052000
0 0.410648 0.242000 0.032407 0.052000
0 0.446759 0.239000 0.028704 0.062000
0 0.485185 0.235000 0.027778 0.054000
0 0.512963 0.209000 0.018519 0.046000
0 0.526389 0.197000 0.021296 0.050000
0 0.556481 0.185000 0.024074 0.054000
0 0.597685 0.193000 0.026852 0.046000
0 0.619444 0.175000 0.014815 0.034000
0 0.645833 0.175000 0.017593 0.042000
