0 0.109722 0.419000 0.019444 0.034000
0 0.164352 0.348000 0.032407 0.036000
0 0.219444 0.340000 0.024074 0.048000
0 0.264352 0.326000 0.019444 0.044000
0 0.341204 0.270000 0.026852 0.048000
0 0.365278 0.250000 0.021296 0.040000
0 0.408333 0.241000 0.027778 0.050000
0 0.450000 0.240000 0.016667 0.028000
0 0.484259 0.242000 0.022222 0.040000
0 0.506019 0.202000 0.017593 0.032000
0 0.534259 0.199000 0.022222 0.046000
0 0.555556 0.190000 0.018519 0.044000
0 0.595833 0.187000 0.015741 0.026000
0 0.622222 0.180000 0.016667 0.036000
0 0.645833 0.175000 0.017593 0.030000
