0 0.122222 0.422000 0.033333 0.064000
0 0.166204 0.348000 0.032407 0.068000
0 0.220370 0.335000 0.029630 0.062000
0 0.262037 0.336000 0.042593 0.064000
0 0.341204 0.270000 0.026852 0.064000
0 0.366204 0.249000 0.030556 0.058000
0 0.409259 0.245000 0.024074 0.054000
0 0.450463 0.235000 0.025000 0.062000
0 0.485185 0.237000 0.022222 0.042000
0 0.516667 0.214000 0.018519 0.048000
0 0.526852 0.192000 0.024074 0.048000
0 0.554167 0.186000 0.023148 0.040000
0 0.597222 0.189000 0.018519 0.046000
0 0.620833 0.182000 0.019444 0.032000
0 0.647222 0.177000 0.024074 0.046000
