0 0.114352 0.418000 0.025000 0.048000
0 0.168981 0.347000 0.036111 0.046000
0 0.219444 0.336000 0.029630 0.056000
0 0.261111 0.329000 0.031481 0.050000
0 0.338889 0.265000 0.025926 0.058000
0 0.368519 0.250000 0.033333 0.048000
0 0.409259 0.247000 0.024074 0.046000
0 0.447685 0.241000 0.019444 0.050000
0 0.485185 0.242000 0.024074 0.040000
0 0.514352 0.209000 0.015741 0.038000
0 0.528704 0.189000 0.018519 0.034000
0 0.552778 0.182000 0.016667 0.032000
0 0.595370 0.187000 0.016667 0.042000
0 0.620833 0.177000 0.017593 0.046000
0 0.645370 0.174000 0.018519 0.040000
