0 0.123148 0.417000 0.033333 0.066000
0 0.168519 0.341000 0.033333 0.066000
0 0.221296 0.329000 0.033333 0.066000
0 0.262963 0.329000 0.033333 0.066000
0 0.340741 0.269000 0.033333 0.066000
0 0.371296 0.251000 0.033333 0.066000
0 0.405556 0.247000 0.033333 0.066000
0 0.444444 0.237000 0.033333 0.066000
0 0.480556 0.237000 0.033333 0.066000
0 0.504630 0.212000 0.020370 0.048000
0 0.519444 0.188000 0.020370 0.048000
0 0.554630 0.182000 0.020370 0.048000
0 0.594444 0.190000 0.020370 0.048000
0 0.620370 0.178000 0.020370 0.048000
0 0.644444 0.173000 0.022222 0.042000
