0 0.112037 0.420000 0.029630 0.056000
0 0.166204 0.345000 0.030556 0.042000
0 0.218519 0.337000 0.031481 0.054000
0 0.262037 0.332000 0.024074 0.056000
0 0.339352 0.273000 0.023148 0.050000
0 0.367130 0.246000 0.023148 0.040000
0 0.406944 0.243000 0.025000 0.050000
0 0.448148 0.238000 0.022222 0.052000
0 0.484259 0.241000 0.024074 0.046000
0 0.511111 0.206000 0.014815 0.040000
0 0.530556 0.189000 0.018519 0.046000
0 0.551852 0.183000 0.012963 0.026000
0 0.596296 0.192000 0.012963 0.032000
0 0.620370 0.182000 0.011111 0.036000
0 0.643519 0.172000 0.018519 0.028000
