0 0.118981 0.421000 0.034259 0.070000
0 0.161574 0.341000 0.034259 0.070000
0 0.223611 0.329000 0.034259 0.070000
0 0.260648 0.337000 0.034259 0.070000
0 0.338426 0.273000 0.034259 0.070000
0 0.366204 0.246000 0.028704 0.060000
0 0.411574 0.242000 0.028704 0.060000
0 0.444907 0.242000 0.028704 0.060000
0 0.482870 0.242000 0.028704 0.060000
0 0.506019 0.209000 0.021296 0.042000
0 0.520833 0.185000 0.021296 0.042000
0 0.555556 0.187000 0.020370 0.042000
0 0.590741 0.189000 0.020370 0.042000
0 0.631481 0.185000 0.020370 0.042000
0 0.650000 0.167000 0.020370 0.042000
0 0.674074 0.187000 0.020370 0.042000
