0 0.122685 0.415000 0.036111 0.078000
0 0.159722 0.347000 0.036111 0.078000
0 0.223611 0.331000 0.036111 0.078000
0 0.263426 0.339000 0.036111 0.078000
0 0.336574 0.277000 0.036111 0.078000
0 0.368056 0.247000 0.036111 0.078000
0 0.408796 0.246000 0.039815 0.072000
0 0.448611 0.240000 0.039815 0.072000
0 0.483796 0.241000 0.030556 0.062000
0 0.505093 0.210000 0.023148 0.044000
0 0.519907 0.187000 0.023148 0.046000
0 0.554167 0.187000 0.023148 0.046000
0 0.593981 0.191000 0.023148 0.046000
0 0.618056 0.175000 0.023148 0.046000
0 0.645833 0.175000 0.023148 0.046000
