0 0.120833 0.420000 0.036111 0.064000
0 0.164352 0.340000 0.036111 0.064000
0 0.225463 0.332000 0.036111 0.064000
0 0.263426 0.334000 0.036111 0.064000
0 0.336574 0.274000 0.036111 0.064000
0 0.371759 0.248000 0.036111 0.064000
0 0.408796 0.250000 0.036111 0.064000
0 0.445833 0.238000 0.036111 0.064000
0 0.487500 0.238000 0.036111 0.064000
0 0.507407 0.205000 0.024074 0.046000
0 0.521296 0.187000 0.024074 0.046000
0 0.552778 0.183000 0.024074 0.046000
0 0.595370 0.193000 0.024074 0.046000
0 0.619444 0.173000 0.024074 0.046000
0 0.642593 0.173000 0.024074 0.046000
