0 0.123611 0.419000 0.036111 0.066000
0 0.163426 0.345000 0.036111 0.066000
0 0.222685 0.337000 0.036111 0.066000
0 0.263426 0.325000 0.036111 0.066000
0 0.339352 0.271000 0.036111 0.066000
0 0.366204 0.251000 0.036111 0.066000
0 0.409722 0.247000 0.036111 0.066000
0 0.443056 0.237000 0.036111 0.066000
0 0.481944 0.245000 0.036111 0.066000
0 0.503704 0.217000 0.027778 0.054000
0 0.520370 0.186000 0.018519 0.052000
0 0.555556 0.182000 0.025926 0.052000
0 0.596296 0.198000 0.025926 0.052000
0 0.618519 0.176000 0.025926 0.052000
0 0.641667 0.172000 0.025926 0.052000
