0 0.112500 0.416000 0.023148 0.040000
0 0.163889 0.348000 0.029630 0.044000
0 0.218056 0.340000 0.023148 0.048000
0 0.258796 0.331000 0.036111 0.054000
0 0.338889 0.273000 0.022222 0.050000
0 0.367130 0.252000 0.034259 0.060000
0 0.409722 0.248000 0.030556 0.048000
0 0.447222 0.239000 0.024074 0.046000
0 0.485185 0.240000 0.024074 0.052000
0 0.514815 0.209000 0.024074 0.046000
0 0.529630 0.191000 0.022222 0.042000
0 0.552778 0.188000 0.022222 0.044000
0 0.595833 0.191000 0.021296 0.034000
0 0.618519 0.178000 0.016667 0.028000
0 0.647222 0.177000 0.020370 0.038000
