0 0.122222 0.417000 0.040741 0.062000
0 0.170833 0.351000 0.037963 0.062000
0 0.221296 0.340000 0.033333 0.064000
0 0.258796 0.331000 0.026852 0.066000
0 0.341204 0.269000 0.032407 0.070000
0 0.368981 0.243000 0.037963 0.050000
0 0.408333 0.239000 0.027778 0.066000
0 0.446296 0.237000 0.027778 0.066000
0 0.484259 0.233000 0.027778 0.066000
0 0.513426 0.208000 0.019444 0.048000
0 0.519444 0.189000 0.016667 0.042000
0 0.554167 0.183000 0.021296 0.038000
0 0.595833 0.189000 0.021296 0.038000
0 0.618981 0.175000 0.021296 0.038000
0 0.644907 0.173000 0.021296 0.038000
