0 0.120833 0.419000 0.036111 0.082000
0 0.159722 0.343000 0.036111 0.082000
0 0.219907 0.335000 0.036111 0.082000
0 0.258796 0.341000 0.036111 0.082000
0 0.338426 0.277000 0.036111 0.082000
0 0.368981 0.251000 0.036111 0.082000
0 0.409722 0.251000 0.036111 0.082000
0 0.447685 0.233000 0.036111 0.082000
0 0.481019 0.251000 0.036111 0.082000
0 0.506481 0.209000 0.024074 0.054000
0 0.519444 0.189000 0.024074 0.054000
0 0.553704 0.187000 0.024074 0.054000
0 0.592593 0.191000 0.024074 0.054000
0 0.620370 0.177000 0.024074 0.070000
0 0.644444 0.175000 0.027778 0.058000
