0 0.119907 0.413000 0.028704 0.054000
0 0.163889 0.343000 0.033333 0.062000
0 0.218519 0.336000 0.029630 0.056000
0 0.262037 0.337000 0.033333 0.066000
0 0.337963 0.265000 0.024074 0.058000
0 0.368981 0.253000 0.030556 0.054000
0 0.410185 0.248000 0.031481 0.072000
0 0.449537 0.243000 0.023148 0.070000
0 0.483796 0.240000 0.019444 0.056000
0 0.515741 0.209000 0.020370 0.046000
0 0.524537 0.189000 0.017593 0.038000
0 0.554630 0.186000 0.020370 0.052000
0 0.596759 0.190000 0.023148 0.052000
0 0.621296 0.176000 0.020370 0.040000
0 0.646759 0.170000 0.025000 0.040000
