0 0.117130 0.412000 0.028704 0.060000
0 0.166204 0.350000 0.032407 0.072000
0 0.220833 0.338000 0.028704 0.068000
0 0.260648 0.336000 0.036111 0.068000
0 0.340278 0.269000 0.030556 0.050000
0 0.366204 0.249000 0.030556 0.070000
0 0.410185 0.247000 0.027778 0.066000
0 0.447222 0.238000 0.027778 0.064000
0 0.485185 0.241000 0.029630 0.074000
0 0.513426 0.203000 0.019444 0.046000
0 0.526852 0.191000 0.016667 0.050000
0 0.553704 0.176000 0.018519 0.040000
0 0.594907 0.194000 0.017593 0.048000
0 0.618056 0.176000 0.019444 0.028000
0 0.646296 0.172000 0.020370 0.056000
