0 0.120370 0.417000 0.033333 0.066000
0 0.170370 0.341000 0.033333 0.066000
0 0.220370 0.337000 0.033333 0.066000
0 0.258333 0.329000 0.033333 0.066000
0 0.339815 0.267000 0.033333 0.066000
0 0.368519 0.249000 0.033333 0.066000
0 0.409259 0.241000 0.033333 0.066000
0 0.447222 0.241000 0.033333 0.066000
0 0.486111 0.237000 0.033333 0.066000
0 0.508333 0.209000 0.022222 0.054000
0 0.521296 0.189000 0.022222 0.054000
0 0.553704 0.183000 0.022222 0.054000
0 0.596296 0.191000 0.022222 0.054000
0 0.620370 0.167000 0.022222 0.054000
0 0.645370 0.170000 0.018519 0.052000
