0 0.121759 0.425000 0.036111 0.066000
0 0.162500 0.343000 0.036111 0.066000
0 0.225463 0.333000 0.036111 0.066000
0 0.263426 0.327000 0.036111 0.066000
0 0.338426 0.271000 0.036111 0.066000
0 0.369907 0.251000 0.036111 0.066000
0 0.411574 0.245000 0.036111 0.066000
0 0.450463 0.239000 0.036111 0.066000
0 0.486574 0.240000 0.030556 0.056000
0 0.504630 0.204000 0.022222 0.044000
0 0.520370 0.188000 0.022222 0.044000
0 0.553704 0.182000 0.022222 0.044000
0 0.592593 0.188000 0.022222 0.044000
0 0.619444 0.178000 0.022222 0.044000
0 0.649074 0.168000 0.022222 0.044000
0 0.667593 0.188000 0.022222 0.044000
