0 0.119907 0.414000 0.041667 0.076000
0 0.163426 0.340000 0.041667 0.076000
0 0.227315 0.332000 0.041667 0.076000
0 0.260648 0.334000 0.041667 0.076000
0 0.335648 0.276000 0.041667 0.076000
0 0.374537 0.250000 0.041667 0.076000
0 0.412500 0.242000 0.041667 0.076000
0 0.449537 0.248000 0.041667 0.076000
0 0.479630 0.243000 0.033333 0.058000
0 0.508333 0.208000 0.025926 0.048000
0 0.518056 0.188000 0.025000 0.052000
0 0.556019 0.182000 0.025000 0.052000
0 0.618981 0.184000 0.025000 0.052000
0 0.651389 0.165000 0.021296 0.042000
0 0.667593 0.190000 0.020370 0.040000
