0 0.115741 0.414000 0.025926 0.048000
0 0.168519 0.349000 0.031481 0.054000
0 0.220833 0.344000 0.028704 0.052000
0 0.261574 0.332000 0.025000 0.056000
0 0.341204 0.268000 0.026852 0.052000
0 0.369444 0.248000 0.033333 0.060000
0 0.408796 0.247000 0.028704 0.062000
0 0.447685 0.241000 0.028704 0.062000
0 0.483333 0.238000 0.024074 0.052000
0 0.513889 0.205000 0.020370 0.046000
0 0.525463 0.187000 0.017593 0.038000
0 0.554630 0.189000 0.018519 0.046000
0 0.595833 0.187000 0.017593 0.042000
0 0.621296 0.179000 0.016667 0.050000
0 0.644444 0.172000 0.018519 0.048000
