0 0.119907 0.419000 0.037963 0.058000
0 0.160648 0.341000 0.037963 0.058000
0 0.225463 0.339000 0.037963 0.058000
0 0.262500 0.335000 0.037963 0.058000
0 0.338889 0.269000 0.033333 0.066000
0 0.367593 0.247000 0.033333 0.066000
0 0.410185 0.249000 0.033333 0.066000
0 0.448148 0.235000 0.033333 0.066000
0 0.480556 0.239000 0.033333 0.066000
0 0.506019 0.205000 0.023148 0.046000
0 0.520833 0.189000 0.023148 0.046000
0 0.555093 0.185000 0.023148 0.046000
0 0.593981 0.191000 0.023148 0.046000
0 0.619907 0.181000 0.023148 0.046000
0 0.657870 0.183000 0.023148 0.046000
