0 0.121759 0.418000 0.034259 0.056000
0 0.170833 0.340000 0.034259 0.056000
0 0.222685 0.334000 0.034259 0.056000
0 0.261574 0.330000 0.034259 0.056000
0 0.338426 0.268000 0.034259 0.056000
0 0.369907 0.244000 0.034259 0.056000
0 0.408796 0.240000 0.034259 0.056000
0 0.443981 0.236000 0.034259 0.056000
0 0.483796 0.238000 0.034259 0.056000
0 0.506481 0.210000 0.020370 0.048000
0 0.518519 0.184000 0.020370 0.048000
0 0.553704 0.181000 0.018519 0.038000
0 0.595833 0.191000 0.021296 0.042000
0 0.618056 0.175000 0.021296 0.042000
0 0.643056 0.165000 0.021296 0.042000
