0 0.120833 0.418000 0.036111 0.072000
0 0.161574 0.342000 0.036111 0.072000
0 0.221759 0.338000 0.036111 0.072000
0 0.262500 0.334000 0.036111 0.072000
0 0.339352 0.274000 0.036111 0.072000
0 0.368981 0.238000 0.036111 0.072000
0 0.411574 0.244000 0.036111 0.072000
0 0.445833 0.238000 0.036111 0.072000
0 0.483796 0.242000 0.025000 0.052000
0 0.504167 0.212000 0.025000 0.052000
0 0.520833 0.188000 0.025000 0.052000
0 0.556019 0.176000 0.025000 0.052000
0 0.593981 0.190000 0.025000 0.052000
0 0.618056 0.176000 0.025000 0.052000
0 0.651389 0.178000 0.025000 0.052000
