0 0.113889 0.416000 0.037037 0.052000
0 0.165741 0.345000 0.031481 0.046000
0 0.221296 0.340000 0.033333 0.056000
0 0.259722 0.336000 0.030556 0.056000
0 0.337963 0.265000 0.025926 0.058000
0 0.369444 0.246000 0.035185 0.048000
0 0.410185 0.246000 0.031481 0.052000
0 0.449537 0.242000 0.025000 0.052000
0 0.487500 0.243000 0.028704 0.050000
0 0.511111 0.207000 0.018519 0.038000
0 0.527778 0.189000 0.020370 0.050000
0 0.553704 0.184000 0.020370 0.040000
0 0.597685 0.193000 0.017593 0.050000
0 0.621296 0.178000 0.020370 0.036000
0 0.645370 0.170000 0.016667 0.036000
