0 0.120370 0.422000 0.033333 0.076000
0 0.162037 0.342000 0.033333 0.076000
0 0.225000 0.326000 0.033333 0.076000
0 0.264815 0.334000 0.033333 0.076000
0 0.338889 0.274000 0.033333 0.076000
0 0.368519 0.244000 0.033333 0.076000
0 0.411111 0.240000 0.033333 0.076000
0 0.450000 0.234000 0.033333 0.076000
0 0.484259 0.242000 0.025926 0.048000
0 0.503241 0.213000 0.025000 0.050000
0 0.520833 0.185000 0.025000 0.050000
0 0.554167 0.181000 0.025000 0.050000
0 0.593981 0.187000 0.025000 0.050000
0 0.618056 0.177000 0.025000 0.050000
0 0.658796 0.187000 0.025000 0.050000
