0 0.115278 0.414000 0.026852 0.052000
0 0.165278 0.345000 0.030556 0.050000
0 0.220370 0.337000 0.025926 0.054000
0 0.262500 0.331000 0.032407 0.062000
0 0.339815 0.273000 0.022222 0.070000
0 0.371296 0.255000 0.029630 0.058000
0 0.412500 0.248000 0.028704 0.052000
0 0.447685 0.237000 0.023148 0.058000
0 0.484259 0.230000 0.025926 0.056000
0 0.515278 0.209000 0.019444 0.046000
0 0.525926 0.189000 0.014815 0.030000
0 0.551852 0.190000 0.014815 0.040000
0 0.598611 0.189000 0.023148 0.038000
0 0.621296 0.179000 0.016667 0.042000
0 0.644907 0.177000 0.021296 0.042000
