0 0.120370 0.414000 0.038889 0.080000
0 0.171296 0.342000 0.038889 0.080000
0 0.224074 0.332000 0.038889 0.080000
0 0.262963 0.330000 0.038889 0.080000
0 0.337037 0.276000 0.038889 0.080000
0 0.366667 0.240000 0.038889 0.080000
0 0.407407 0.238000 0.038889 0.080000
0 0.445370 0.224000 0.038889 0.080000
0 0.485185 0.228000 0.038889 0.080000
0 0.512963 0.211000 0.022222 0.042000
0 0.522222 0.187000 0.022222 0.042000
0 0.555556 0.181000 0.022222 0.038000
0 0.595833 0.189000 0.023148 0.038000
0 0.619907 0.175000 0.023148 0.038000
0 0.645370 0.171000 0.016667 0.042000
