0 0.124537 0.420000 0.037963 0.076000
0 0.168981 0.344000 0.037963 0.076000
0 0.219907 0.328000 0.037963 0.076000
0 0.263426 0.328000 0.037963 0.076000
0 0.337500 0.280000 0.037963 0.076000
0 0.370833 0.254000 0.037963 0.076000
0 0.410648 0.240000 0.037963 0.076000
0 0.449537 0.238000 0.037963 0.076000
0 0.481019 0.236000 0.037963 0.076000
0 0.507870 0.211000 0.023148 0.046000
0 0.521759 0.185000 0.023148 0.046000
0 0.554167 0.185000 0.023148 0.046000
0 0.594907 0.193000 0.023148 0.046000
0 0.620370 0.178000 0.024074 0.052000
0 0.644444 0.174000 0.024074 0.052000
