0 0.111574 0.420000 0.021296 0.044000
0 0.165278 0.347000 0.026852 0.046000
0 0.218519 0.338000 0.020370 0.048000
0 0.259722 0.325000 0.023148 0.038000
0 0.339352 0.270000 0.023148 0.044000
0 0.368519 0.245000 0.027778 0.054000
0 0.409722 0.247000 0.019444 0.038000
0 0.448148 0.240000 0.025926 0.048000
0 0.486111 0.247000 0.025926 0.050000
0 0.510185 0.203000 0.011111 0.030000
0 0.531019 0.196000 0.017593 0.048000
0 0.551389 0.183000 0.013889 0.034000
0 0.599074 0.194000 0.018519 0.036000
0 0.619907 0.179000 0.019444 0.038000
0 0.643981 0.171000 0.013889 0.030000
