0 0.112500 0.421000 0.023148 0.042000
0 0.167593 0.347000 0.025926 0.046000
0 0.220370 0.338000 0.022222 0.044000
0 0.261111 0.328000 0.029630 0.048000
0 0.338889 0.270000 0.025926 0.044000
0 0.367130 0.246000 0.026852 0.036000
0 0.408796 0.243000 0.017593 0.038000
0 0.449537 0.241000 0.019444 0.050000
0 0.485648 0.240000 0.021296 0.056000
0 0.510185 0.206000 0.016667 0.040000
0 0.533796 0.196000 0.021296 0.040000
0 0.553241 0.189000 0.023148 0.046000
0 0.599074 0.191000 0.016667 0.038000
0 0.620833 0.177000 0.019444 0.046000
0 0.644444 0.172000 0.014815 0.028000
