0 0.120833 0.417000 0.030556 0.066000
0 0.168519 0.344000 0.031481 0.060000
0 0.220370 0.338000 0.031481 0.052000
0 0.259259 0.329000 0.027778 0.054000
0 0.340278 0.269000 0.026852 0.054000
0 0.367130 0.247000 0.032407 0.054000
0 0.412500 0.246000 0.025000 0.056000
0 0.446296 0.236000 0.025926 0.056000
0 0.484722 0.236000 0.023148 0.048000
0 0.515278 0.211000 0.021296 0.042000
0 0.526852 0.190000 0.018519 0.044000
0 0.555093 0.190000 0.026852 0.052000
0 0.596759 0.192000 0.023148 0.044000
0 0.620833 0.179000 0.023148 0.042000
0 0.648148 0.175000 0.024074 0.042000
