0 0.123611 0.416000 0.039815 0.072000
0 0.171759 0.340000 0.039815 0.072000
0 0.222685 0.332000 0.039815 0.072000
0 0.260648 0.326000 0.039815 0.072000
0 0.338426 0.278000 0.039815 0.072000
0 0.368981 0.242000 0.039815 0.072000
0 0.407870 0.236000 0.039815 0.072000
0 0.446759 0.248000 0.039815 0.072000
0 0.480093 0.242000 0.039815 0.072000
0 0.506019 0.215000 0.025000 0.050000
0 0.520833 0.187000 0.025000 0.050000
0 0.553241 0.185000 0.025000 0.050000
0 0.596759 0.187000 0.025000 0.050000
0 0.620833 0.177000 0.025000 0.050000
0 0.645833 0.173000 0.025000 0.050000
