0 0.112037 0.417000 0.037037 0.062000
0 0.166667 0.348000 0.020370 0.044000
0 0.218981 0.340000 0.028704 0.056000
0 0.258333 0.329000 0.029630 0.050000
0 0.339815 0.273000 0.029630 0.054000
0 0.365741 0.246000 0.031481 0.052000
0 0.408796 0.246000 0.030556 0.056000
0 0.446759 0.238000 0.026852 0.060000
0 0.483796 0.238000 0.030556 0.060000
0 0.512963 0.208000 0.022222 0.040000
0 0.529630 0.187000 0.022222 0.038000
0 0.550000 0.177000 0.022222 0.046000
0 0.595370 0.195000 0.020370 0.054000
0 0.618519 0.170000 0.018519 0.044000
0 0.646759 0.174000 0.019444 0.036000
