0 0.115741 0.423000 0.029630 0.054000
0 0.162500 0.348000 0.023148 0.048000
0 0.218519 0.340000 0.027778 0.056000
0 0.257407 0.332000 0.025926 0.056000
0 0.337963 0.272000 0.033333 0.036000
0 0.369444 0.242000 0.031481 0.044000
0 0.411574 0.247000 0.028704 0.050000
0 0.449537 0.240000 0.023148 0.048000
0 0.485648 0.239000 0.019444 0.050000
0 0.510185 0.205000 0.016667 0.050000
0 0.533333 0.199000 0.027778 0.058000
0 0.553241 0.185000 0.017593 0.046000
0 0.597685 0.193000 0.017593 0.042000
0 0.619444 0.180000 0.016667 0.036000
0 0.644907 0.173000 0.015741 0.034000
