0 0.121296 0.415000 0.033333 0.074000
0 0.168519 0.341000 0.033333 0.074000
0 0.223148 0.339000 0.033333 0.074000
0 0.262037 0.339000 0.033333 0.074000
0 0.337037 0.273000 0.033333 0.074000
0 0.368519 0.251000 0.033333 0.074000
0 0.408333 0.241000 0.033333 0.074000
0 0.443519 0.241000 0.033333 0.074000
0 0.481481 0.241000 0.033333 0.074000
0 0.504630 0.214000 0.025926 0.048000
0 0.520370 0.190000 0.025926 0.048000
0 0.551852 0.186000 0.025926 0.048000
0 0.593519 0.188000 0.025926 0.048000
0 0.618519 0.180000 0.025926 0.048000
0 0.643519 0.176000 0.025926 0.048000
