0 0.124074 0.427000 0.042593 0.082000
0 0.167593 0.345000 0.042593 0.082000
0 0.222222 0.337000 0.035185 0.082000
0 0.261111 0.337000 0.035185 0.082000
0 0.340741 0.273000 0.035185 0.082000
0 0.370370 0.251000 0.035185 0.082000
0 0.412037 0.251000 0.035185 0.082000
0 0.443519 0.243000 0.035185 0.082000
0 0.506019 0.211000 0.026852 0.046000
0 0.479630 0.236000 0.031481 0.060000
0 0.517130 0.187000 0.026852 0.046000
0 0.553241 0.187000 0.026852 0.046000
0 0.593981 0.191000 0.026852 0.046000
0 0.622685 0.177000 0.026852 0.046000
0 0.646759 0.171000 0.026852 0.046000
