0 0.113426 0.419000 0.025000 0.046000
0 0.164352 0.351000 0.023148 0.046000
0 0.219907 0.343000 0.025000 0.058000
0 0.259259 0.327000 0.033333 0.054000
0 0.342593 0.282000 0.033333 0.056000
0 0.365278 0.246000 0.030556 0.044000
0 0.406481 0.238000 0.029630 0.048000
0 0.448611 0.230000 0.023148 0.048000
0 0.484259 0.240000 0.016667 0.056000
0 0.510185 0.205000 0.020370 0.038000
0 0.532407 0.196000 0.024074 0.040000
0 0.551389 0.183000 0.019444 0.034000
0 0.595370 0.186000 0.018519 0.036000
0 0.619907 0.180000 0.019444 0.036000
0 0.645370 0.166000 0.016667 0.028000
