0 0.114352 0.416000 0.023148 0.048000
0 0.164815 0.344000 0.027778 0.052000
0 0.219444 0.340000 0.024074 0.060000
0 0.261574 0.329000 0.023148 0.042000
0 0.339815 0.272000 0.024074 0.048000
0 0.368519 0.247000 0.024074 0.038000
0 0.410185 0.245000 0.025926 0.054000
0 0.447222 0.236000 0.018519 0.040000
0 0.486111 0.239000 0.020370 0.046000
0 0.514352 0.206000 0.023148 0.040000
0 0.531019 0.190000 0.012037 0.040000
0 0.552315 0.183000 0.012037 0.038000
0 0.596296 0.188000 0.012963 0.040000
0 0.620370 0.173000 0.012963 0.030000
0 0.645833 0.169000 0.015741 0.034000
