0 0.121296 0.420000 0.037037 0.072000
0 0.163889 0.346000 0.037037 0.072000
0 0.223148 0.338000 0.037037 0.072000
0 0.264352 0.341000 0.036111 0.078000
0 0.341204 0.275000 0.036111 0.078000
0 0.368056 0.253000 0.036111 0.078000
0 0.406019 0.249000 0.036111 0.078000
0 0.449537 0.243000 0.036111 0.078000
0 0.487500 0.239000 0.026852 0.050000
0 0.506944 0.211000 0.026852 0.050000
0 0.518981 0.193000 0.023148 0.046000
0 0.556019 0.183000 0.023148 0.046000
0 0.590278 0.189000 0.023148 0.046000
0 0.618056 0.175000 0.023148 0.046000
0 0.647685 0.157000 0.023148 0.046000
0 0.664815 0.183000 0.018519 0.046000
