0 0.123611 0.416000 0.037963 0.064000
0 0.164352 0.336000 0.037963 0.064000
0 0.220833 0.338000 0.037963 0.064000
0 0.264352 0.328000 0.037963 0.064000
0 0.341204 0.266000 0.037963 0.064000
0 0.371759 0.246000 0.037963 0.064000
0 0.410648 0.242000 0.037963 0.064000
0 0.449537 0.240000 0.037963 0.064000
0 0.480556 0.242000 0.029630 0.048000
0 0.506481 0.210000 0.029630 0.048000
0 0.518519 0.190000 0.024074 0.040000
0 0.553704 0.182000 0.024074 0.040000
0 0.594444 0.188000 0.024074 0.040000
0 0.621296 0.176000 0.024074 0.040000
0 0.645370 0.172000 0.024074 0.040000
