0 0.121296 0.423000 0.033333 0.062000
0 0.163889 0.341000 0.033333 0.062000
0 0.225000 0.329000 0.033333 0.062000
0 0.259259 0.331000 0.033333 0.062000
0 0.337963 0.277000 0.033333 0.062000
0 0.366667 0.249000 0.033333 0.062000
0 0.410185 0.247000 0.033333 0.062000
0 0.448148 0.237000 0.033333 0.062000
0 0.482407 0.243000 0.033333 0.062000
0 0.502315 0.209000 0.025000 0.046000
0 0.520370 0.186000 0.022222 0.056000
0 0.553704 0.182000 0.022222 0.056000
0 0.595370 0.190000 0.022222 0.056000
0 0.618519 0.172000 0.022222 0.056000
0 0.641204 0.170000 0.021296 0.044000
