0 0.124537 0.428000 0.032407 0.060000
0 0.166204 0.344000 0.032407 0.060000
0 0.221759 0.338000 0.032407 0.060000
0 0.258796 0.328000 0.032407 0.060000
0 0.340278 0.266000 0.032407 0.060000
0 0.367130 0.242000 0.032407 0.060000
0 0.407870 0.240000 0.032407 0.060000
0 0.442130 0.234000 0.032407 0.060000
0 0.482870 0.238000 0.032407 0.060000
0 0.509722 0.210000 0.021296 0.044000
0 0.520833 0.186000 0.021296 0.044000
0 0.556019 0.182000 0.021296 0.044000
0 0.593981 0.188000 0.021296 0.044000
0 0.619907 0.174000 0.021296 0.044000
0 0.644444 0.169000 0.018519 0.046000
