0 0.118056 0.418000 0.032407 0.060000
0 0.162037 0.333000 0.031481 0.062000
0 0.224074 0.339000 0.031481 0.062000
0 0.259259 0.333000 0.031481 0.062000
0 0.341667 0.271000 0.031481 0.062000
0 0.369444 0.247000 0.031481 0.062000
0 0.412037 0.245000 0.031481 0.062000
0 0.447222 0.237000 0.031481 0.062000
0 0.482407 0.237000 0.031481 0.062000
0 0.504630 0.212000 0.022222 0.044000
0 0.519444 0.190000 0.024074 0.036000
0 0.554630 0.182000 0.024074 0.036000
0 0.596296 0.194000 0.024074 0.036000
0 0.619907 0.179000 0.028704 0.042000
0 0.643056 0.177000 0.028704 0.042000
