0 0.118519 0.415000 0.029630 0.074000
0 0.166204 0.346000 0.032407 0.056000
0 0.219907 0.345000 0.026852 0.070000
0 0.259722 0.332000 0.032407 0.064000
0 0.341667 0.273000 0.029630 0.058000
0 0.368519 0.246000 0.029630 0.064000
0 0.409722 0.242000 0.026852 0.052000
0 0.449074 0.239000 0.024074 0.054000
0 0.486111 0.234000 0.022222 0.056000
0 0.516667 0.214000 0.018519 0.036000
0 0.525463 0.187000 0.019444 0.042000
0 0.555093 0.187000 0.021296 0.046000
0 0.599074 0.189000 0.018519 0.046000
0 0.621296 0.180000 0.016667 0.040000
0 0.645370 0.174000 0.016667 0.048000
