0 0.125463 0.418000 0.045370 0.068000
0 0.163426 0.346000 0.045370 0.068000
0 0.225463 0.332000 0.045370 0.068000
0 0.266204 0.332000 0.045370 0.068000
0 0.337037 0.274000 0.035185 0.068000
0 0.368519 0.252000 0.035185 0.068000
0 0.406481 0.242000 0.035185 0.068000
0 0.444444 0.232000 0.035185 0.068000
0 0.485185 0.244000 0.035185 0.068000
0 0.504167 0.208000 0.021296 0.040000
0 0.518981 0.190000 0.026852 0.040000
0 0.554167 0.184000 0.026852 0.040000
0 0.591204 0.192000 0.026852 0.040000
0 0.618056 0.186000 0.026852 0.040000
0 0.646759 0.158000 0.026852 0.040000
0 0.665741 0.183000 0.018519 0.042000
