0 0.123148 0.417000 0.037037 0.062000
0 0.163889 0.335000 0.037037 0.062000
0 0.221759 0.332000 0.032407 0.064000
0 0.259722 0.330000 0.032407 0.064000
0 0.337500 0.270000 0.032407 0.064000
0 0.367130 0.246000 0.032407 0.064000
0 0.409722 0.242000 0.032407 0.064000
0 0.447685 0.234000 0.032407 0.064000
0 0.481944 0.242000 0.032407 0.064000
0 0.504167 0.206000 0.023148 0.048000
0 0.518056 0.190000 0.023148 0.048000
0 0.552315 0.182000 0.023148 0.048000
0 0.593981 0.188000 0.023148 0.048000
0 0.621759 0.174000 0.023148 0.048000
0 0.648611 0.174000 0.023148 0.048000
