0 0.110648 0.422000 0.025000 0.040000
0 0.164815 0.344000 0.033333 0.056000
0 0.219907 0.342000 0.021296 0.048000
0 0.263426 0.323000 0.025000 0.046000
0 0.341667 0.272000 0.022222 0.040000
0 0.368519 0.249000 0.027778 0.054000
0 0.411574 0.248000 0.028704 0.048000
0 0.447222 0.239000 0.018519 0.042000
0 0.484722 0.237000 0.021296 0.042000
0 0.508796 0.206000 0.019444 0.040000
0 0.533333 0.194000 0.022222 0.036000
0 0.550926 0.177000 0.014815 0.034000
0 0.598148 0.185000 0.016667 0.030000
0 0.619907 0.172000 0.019444 0.036000
0 0.645833 0.169000 0.015741 0.034000
