0 0.120370 0.419000 0.033333 0.066000
0 0.168519 0.341000 0.033333 0.066000
0 0.221296 0.339000 0.033333 0.066000
0 0.260185 0.329000 0.033333 0.066000
0 0.337963 0.271000 0.033333 0.066000
0 0.367593 0.245000 0.033333 0.066000
0 0.406481 0.245000 0.033333 0.066000
0 0.446759 0.234000 0.030556 0.060000
0 0.485648 0.238000 0.030556 0.060000
0 0.510648 0.209000 0.023148 0.046000
0 0.523611 0.187000 0.023148 0.046000
0 0.554167 0.187000 0.023148 0.046000
0 0.596759 0.189000 0.023148 0.046000
0 0.619907 0.171000 0.023148 0.046000
0 0.645833 0.169000 0.023148 0.046000
