0 0.122685 0.420000 0.036111 0.064000
0 0.166204 0.336000 0.036111 0.064000
0 0.220833 0.336000 0.036111 0.064000
0 0.260648 0.334000 0.036111 0.064000
0 0.337500 0.270000 0.036111 0.064000
0 0.368981 0.248000 0.036111 0.064000
0 0.411574 0.248000 0.036111 0.064000
0 0.447685 0.238000 0.036111 0.064000
0 0.484259 0.240000 0.025926 0.056000
0 0.504630 0.214000 0.025926 0.056000
0 0.519907 0.188000 0.021296 0.044000
0 0.554167 0.184000 0.021296 0.044000
0 0.590278 0.188000 0.021296 0.044000
0 0.624074 0.181000 0.022222 0.046000
0 0.649074 0.167000 0.022222 0.046000
0 0.669444 0.193000 0.022222 0.046000
