0 0.121296 0.418000 0.033333 0.068000
0 0.168519 0.338000 0.033333 0.068000
0 0.224074 0.332000 0.033333 0.068000
0 0.264815 0.328000 0.033333 0.068000
0 0.338889 0.272000 0.033333 0.068000
0 0.367593 0.248000 0.033333 0.068000
0 0.406481 0.248000 0.033333 0.068000
0 0.444444 0.230000 0.033333 0.068000
0 0.485185 0.238000 0.033333 0.068000
0 0.506019 0.209000 0.021296 0.050000
0 0.518981 0.193000 0.021296 0.050000
0 0.555093 0.181000 0.021296 0.050000
0 0.598611 0.191000 0.021296 0.050000
0 0.622222 0.177000 0.024074 0.046000
0 0.641667 0.173000 0.024074 0.046000
