0 0.120370 0.408000 0.038889 0.056000
0 0.165278 0.348000 0.032407 0.056000
0 0.222685 0.340000 0.026852 0.060000
0 0.258333 0.333000 0.037037 0.054000
0 0.340741 0.268000 0.027778 0.048000
0 0.369444 0.248000 0.037037 0.052000
0 0.409722 0.250000 0.030556 0.056000
0 0.447685 0.239000 0.023148 0.050000
0 0.484722 0.242000 0.026852 0.052000
0 0.516204 0.208000 0.019444 0.048000
0 0.525926 0.192000 0.018519 0.048000
0 0.556944 0.188000 0.026852 0.044000
0 0.597685 0.192000 0.023148 0.056000
0 0.621759 0.176000 0.021296 0.052000
0 0.647685 0.173000 0.019444 0.046000
