0 0.121296 0.416000 0.033333 0.056000
0 0.168519 0.342000 0.033333 0.056000
0 0.221296 0.334000 0.033333 0.056000
0 0.260185 0.330000 0.033333 0.056000
0 0.338889 0.268000 0.033333 0.056000
0 0.367593 0.246000 0.033333 0.056000
0 0.409259 0.248000 0.027778 0.060000
0 0.442593 0.238000 0.027778 0.060000
0 0.484259 0.242000 0.027778 0.060000
0 0.506019 0.210000 0.023148 0.048000
0 0.519907 0.186000 0.023148 0.048000
0 0.554167 0.182000 0.023148 0.048000
0 0.595370 0.191000 0.020370 0.042000
0 0.620370 0.175000 0.020370 0.042000
0 0.644444 0.167000 0.020370 0.042000
